# File: atom_groups.dat
# Generation time: Thu Oct 23 22:03:17 CST 2025

## 1. Mg²⁺ ions ##
mg_ions: GROUP ATOMS=3721,3722,3723,3724,3725,3726,3727,3728,3729,3730,3731,3732,3733,3734,3735,3736,3737,3738,3739,3740,3741,3742,3743,3744,3745,3746,3747,3748,3749,3750,3751,3752,3753,3754,3755,3756,3757,3758,3759,3760,3761,3762,3763,3764,3765,3766,3767,3768,3769,3770,3771,3772,3773,3774,3775,3776,3777,3778,3779,3780,3781,3782,3783,3784,3785,3786,3787,3788,3789,3790,3791,3792,3793,3794,3795,3796,3797,3798,3799,3800,3801,3802,3803,3804,3805,3806,3807,3808,3809,3810,3811,3812,3813,3814,3815,3816,3817,3818,3819,3820,3821,3822,3823,3824,3825,3826,3827,3828,3829,3830,3831,3832,3833,3834,3835,3836,3837,3838,3839,3840,3841,3842,3843,3844,3845,3846,3847,3848,3849,3850,3851,3852,3853,3854,3855,3856,3857,3858,3859,3860,3861,3862,3863,3864,3865,3866,3867,3868,3869,3870,3871,3872,3873,3874,3875,3876,3877,3878,3879,3880,3881,3882,3883,3884,3885,3886,3887,3888,3889,3890,3891,3892,3893,3894,3895,3896,3897,3898,3899,3900

## 2. Asp side chain oxygen atoms ##
asp_od: GROUP ATOMS=255,256,267,268,279,280,291,292,303,304,315,316,327,328,339,340,351,352,363,364,627,628,639,640,651,652,663,664,675,676,687,688,699,700,711,712,723,724,735,736,999,1000,1011,1012,1023,1024,1035,1036,1047,1048,1059,1060,1071,1072,1083,1084,1095,1096,1107,1108,1371,1372,1383,1384,1395,1396,1407,1408,1419,1420,1431,1432,1443,1444,1455,1456,1467,1468,1479,1480,1743,1744,1755,1756,1767,1768,1779,1780,1791,1792,1803,1804,1815,1816,1827,1828,1839,1840,1851,1852,2115,2116,2127,2128,2139,2140,2151,2152,2163,2164,2175,2176,2187,2188,2199,2200,2211,2212,2223,2224,2487,2488,2499,2500,2511,2512,2523,2524,2535,2536,2547,2548,2559,2560,2571,2572,2583,2584,2595,2596,2859,2860,2871,2872,2883,2884,2895,2896,2907,2908,2919,2920,2931,2932,2943,2944,2955,2956,2967,2968,3231,3232,3243,3244,3255,3256,3267,3268,3279,3280,3291,3292,3303,3304,3315,3316,3327,3328,3339,3340,3603,3604,3615,3616,3627,3628,3639,3640,3651,3652,3663,3664,3675,3676,3687,3688,3699,3700,3711,3712

## 3. Arg side chain nitrogen atoms ##
arg_nh: GROUP ATOMS=23,26,47,50,71,74,95,98,119,122,143,146,167,170,191,194,215,218,239,242,395,398,419,422,443,446,467,470,491,494,515,518,539,542,563,566,587,590,611,614,767,770,791,794,815,818,839,842,863,866,887,890,911,914,935,938,959,962,983,986,1139,1142,1163,1166,1187,1190,1211,1214,1235,1238,1259,1262,1283,1286,1307,1310,1331,1334,1355,1358,1511,1514,1535,1538,1559,1562,1583,1586,1607,1610,1631,1634,1655,1658,1679,1682,1703,1706,1727,1730,1883,1886,1907,1910,1931,1934,1955,1958,1979,1982,2003,2006,2027,2030,2051,2054,2075,2078,2099,2102,2255,2258,2279,2282,2303,2306,2327,2330,2351,2354,2375,2378,2399,2402,2423,2426,2447,2450,2471,2474,2627,2630,2651,2654,2675,2678,2699,2702,2723,2726,2747,2750,2771,2774,2795,2798,2819,2822,2843,2846,2999,3002,3023,3026,3047,3050,3071,3074,3095,3098,3119,3122,3143,3146,3167,3170,3191,3194,3215,3218,3371,3374,3395,3398,3419,3422,3443,3446,3467,3470,3491,3494,3515,3518,3539,3542,3563,3566,3587,3590